1393 667
9 465
10 466
11 463
12 467
13 464
14 462
15 8
16 7
17 6
18 5
19 4
20 3
21 2
22 14
23 13
24 12
25 11
26 10
27 9
28 468
29 12
30 29
31 470
32 6
33 32
34 471
35 25
36 35
37 473
38 474
39 475
40 475
41 40
42 477
43 479
44 480
45 481
46 482
47 483
48 484
49 485
50 486
51 487
52 488
53 489
54 490
55 491
56 492
57 493
58 494
59 10
60 59
61 501
62 157
63 62
64 222
65 64
66 519
67 294
68 67
69 356
70 586
71 378
72 602
73 69
74 605
75 71
76 72
77 417
78 74
79 634
80 423
81 639
82 77
83 444
84 445
85 79
86 80
87 647
88 81
89 650
90 83
91 84
92 653
93 87
94 656
95 89
96 92
97 657
98 658
99 659
100 660
101 661
102 662
103 94
104 663
105 664
106 97
107 98
108 99
109 100
110 665
111 101
112 102
113 104
114 105
115 110
116 667
117 116
118 12
118 11
119 12
119 11
120 13
120 12
120 11
121 13
121 10
122 8
122 10
123 8
123 10
124 6
124 10
125 12
125 10
126 7
126 9
127 18
127 21
128 5
128 22
128 11
129 8
129 23
129 10
130 21
130 22
130 23
130 9
131 23
131 10
132 23
132 12
132 9
133 23
133 12
133 11
134 7
134 2
134 22
134 23
135 17
135 13
135 24
136 24
136 10
137 18
137 24
138 22
138 23
138 24
139 14
139 13
139 24
140 23
140 25
141 7
141 25
141 9
142 23
142 25
142 10
143 25
143 9
144 16
144 12
144 25
145 23
145 25
146 13
146 10
146 470
147 11
147 26
148 2
148 26
149 22
149 12
149 26
150 24
150 26
151 23
151 26
152 11
152 26
153 12
153 26
154 11
154 26
155 11
155 26
156 11
156 26
157 13
157 471
158 471
158 9
159 22
159 27
160 13
160 27
161 22
161 12
161 25
161 27
162 23
162 12
162 26
162 27
163 23
163 26
163 27
164 23
164 12
164 25
164 27
165 20
165 26
165 27
166 23
166 26
166 27
167 5
167 25
167 27
168 25
168 27
169 470
169 27
170 23
170 12
170 26
170 27
171 26
171 27
172 469
172 27
172 470
173 21
173 26
173 27
174 27
174 471
175 14
175 27
176 472
176 10
177 474
177 26
178 25
178 476
179 477
179 26
180 478
180 26
180 27
181 480
181 20
181 12
181 27
182 483
182 25
183 10
183 484
184 486
184 10
185 13
185 487
186 10
186 487
187 488
187 26
188 10
188 488
189 21
189 23
189 9
189 31
190 13
190 27
190 31
191 12
191 9
191 490
192 13
192 33
193 12
193 491
194 2
194 9
194 34
195 12
195 27
195 34
195 134
196 23
196 24
196 34
197 12
197 34
198 5
198 27
198 34
199 21
199 12
199 27
199 34
200 12
200 9
200 34
201 22
201 23
201 34
202 492
202 24
203 31
203 492
204 493
204 24
205 494
205 25
206 23
206 11
206 37
207 26
207 37
208 13
208 11
208 37
209 495
209 13
209 10
210 38
210 470
211 13
211 10
211 39
212 23
212 24
212 26
212 39
213 25
213 39
214 13
214 27
214 39
215 12
215 39
216 37
216 39
217 23
217 24
217 34
217 39
218 26
218 37
218 39
219 27
219 31
219 39
220 482
220 39
221 27
221 42
221 149
222 5
222 9
222 496
223 497
223 25
224 27
224 44
225 12
225 10
225 45
226 17
226 14
226 45
227 17
227 27
227 46
228 9
228 46
229 27
229 46
230 473
230 46
231 6
231 47
232 27
232 47
233 10
233 47
234 13
234 48
235 13
235 10
235 48
236 13
236 10
236 48
237 13
237 10
237 48
238 22
238 11
238 498
239 25
239 499
240 23
240 24
240 49
241 23
241 24
241 49
242 46
242 50
243 9
243 50
244 2
244 51
244 47
245 489
245 51
246 501
246 12
247 27
247 52
248 26
248 52
249 26
249 27
249 52
250 502
250 6
250 13
250 10
251 503
251 23
251 10
252 24
252 54
253 15
253 54
254 12
254 54
255 24
255 54
256 20
256 22
256 23
256 54
257 13
257 24
257 54
258 8
258 479
258 13
258 54
259 24
259 54
260 23
260 54
261 504
261 23
262 8
262 11
262 55
263 23
263 12
263 55
264 11
264 55
265 23
265 55
266 25
266 55
267 11
267 55
268 481
268 12
268 55
269 12
269 11
269 55
270 23
270 25
270 55
271 7
271 12
271 55
272 24
272 55
272 39
272 49
273 23
273 25
273 55
274 12
274 11
274 55
275 55
275 486
276 12
276 25
276 55
277 23
277 25
277 55
278 500
278 55
279 31
279 55
280 505
280 25
281 12
281 506
282 507
282 25
283 508
283 13
284 13
284 508
285 37
285 39
285 201
286 6
286 14
286 24
286 56
287 14
287 13
287 56
287 50
288 25
288 56
289 17
289 13
289 56
290 5
290 13
290 56
290 43
291 2
291 56
292 25
292 56
293 13
293 56
294 56
294 47
294 479
294 128
295 56
295 52
295 139
296 25
296 56
297 12
297 11
297 56
298 16
298 25
298 56
299 496
299 5
299 56
300 12
300 56
301 16
301 509
302 18
302 57
303 26
303 57
304 26
304 57
305 12
305 26
305 57
306 26
306 57
307 18
307 510
308 2
308 34
308 58
309 26
309 58
310 14
310 58
311 14
311 11
311 58
312 25
312 58
313 490
313 58
314 11
314 58
315 11
315 58
316 14
316 13
316 58
317 511
317 24
318 512
318 55
319 513
319 26
320 13
320 514
321 60
321 14
321 12
321 27
322 515
322 38
323 516
323 9
324 14
324 27
324 517
325 518
325 476
326 14
326 27
326 520
327 12
327 61
328 14
328 61
328 47
329 24
329 61
330 61
330 42
330 47
331 521
331 12
332 13
332 522
333 24
333 523
334 22
334 524
335 14
335 63
336 525
336 23
337 13
337 526
338 18
338 527
339 528
339 25
340 529
340 25
341 530
341 13
341 11
342 531
342 14
342 26
343 532
343 25
344 533
344 46
345 534
345 45
346 535
346 25
347 536
347 22
347 12
347 27
348 537
348 27
349 22
349 10
349 538
350 17
350 27
350 539
351 12
351 65
352 540
352 9
353 541
353 24
354 542
354 475
355 543
355 22
355 25
356 544
356 22
356 25
356 27
357 18
357 545
358 546
358 39
359 547
359 468
359 10
360 476
360 548
360 27
361 14
361 27
361 549
362 550
362 46
363 551
363 5
363 22
363 26
364 23
364 552
365 553
365 26
366 554
366 13
367 27
367 555
367 39
368 23
368 24
368 555
369 23
369 27
369 556
370 15
370 557
370 37
371 17
371 558
372 5
372 559
372 9
373 22
373 560
373 24
374 561
374 24
375 562
375 25
376 563
376 25
377 23
377 9
377 564
378 565
378 13
378 11
379 6
379 566
380 567
380 23
381 12
381 567
382 16
382 568
383 15
383 569
384 16
384 570
385 571
385 24
386 572
386 23
387 573
387 12
388 574
388 24
389 575
389 23
390 576
390 31
391 23
391 577
392 21
392 578
393 579
393 13
394 17
394 13
394 580
395 581
395 46
396 14
396 582
396 13
397 583
397 10
398 584
398 10
399 585
399 11
400 586
400 23
401 587
401 13
402 23
402 588
403 22
403 589
404 13
404 590
405 591
405 11
406 592
406 12
407 22
407 593
408 594
408 23
408 24
409 14
409 595
410 13
410 596
411 6
411 597
412 17
412 598
413 599
413 24
414 13
414 600
415 601
415 13
416 603
416 26
417 604
417 22
417 27
418 23
418 70
419 14
419 607
420 608
420 23
421 609
421 4
421 20
422 610
422 27
423 611
423 22
423 23
424 14
424 612
425 613
425 24
426 614
426 25
427 615
427 11
428 616
428 12
429 23
429 617
430 618
430 24
431 13
431 619
432 620
432 11
433 6
433 621
434 17
434 622
435 623
435 10
436 624
436 14
437 13
437 625
438 13
438 626
439 13
439 627
440 629
440 14
441 22
441 630
442 14
442 631
443 632
443 27
444 22
444 27
444 421
445 633
445 27
446 22
446 635
447 14
447 636
448 22
448 637
449 640
449 39
450 22
450 641
451 643
451 22
452 644
452 22
453 22
453 645
454 646
454 22
455 648
455 22
456 649
456 22
457 651
457 6
458 22
458 652
459 654
459 23
460 655
460 27
461 22
461 666
462 106
462 1
463 108
463 1
464 109
464 1
465 111
465 1
466 112
466 1
467 114
467 1
468 3
468 4
469 6
469 14
470 12
470 11
471 11
471 10
472 8
472 9
473 12
473 9
474 17
474 9
475 19
475 20
476 20
476 4
477 18
477 21
478 21
478 11
479 7
479 21
480 22
480 11
481 23
481 11
482 23
482 10
483 23
483 24
484 24
484 6
485 8
485 25
486 25
486 12
487 25
487 9
488 17
488 25
489 8
489 26
490 25
490 26
491 26
491 9
492 26
492 27
493 25
493 27
494 12
494 27
495 12
495 126
496 479
496 15
497 127
497 10
498 135
498 129
499 136
499 9
500 118
500 140
501 487
501 10
502 11
502 30
503 31
503 119
504 122
504 147
505 491
505 137
506 491
506 145
507 12
507 148
508 34
508 24
509 121
509 159
510 130
510 160
511 177
511 36
512 39
512 6
513 9
513 178
514 124
514 179
515 45
515 133
516 46
516 25
517 120
517 182
518 48
518 131
519 49
519 26
520 13
520 184
521 186
521 180
522 187
522 183
523 155
523 188
524 53
524 150
525 504
525 12
526 198
526 191
527 56
527 163
528 56
528 165
529 56
529 41
530 202
530 171
531 204
531 168
532 58
532 26
533 58
533 167
534 58
534 153
535 209
535 170
536 211
536 151
537 213
537 123
538 214
538 141
539 50
539 215
540 223
540 154
541 224
541 158
542 206
542 225
543 227
543 132
544 231
544 212
545 232
545 143
546 233
546 138
547 240
547 234
548 241
548 235
549 242
549 142
550 243
550 205
551 244
551 189
552 61
552 12
552 176
553 247
553 185
554 252
554 27
555 253
555 34
556 255
556 144
557 256
557 226
558 257
558 195
559 258
559 196
560 248
560 261
561 262
561 194
562 228
562 263
563 230
563 265
564 259
564 282
565 221
565 286
566 287
566 161
567 288
567 152
568 289
568 162
569 216
569 290
570 291
570 166
571 245
571 292
572 61
572 296
573 299
573 173
574 293
574 301
575 302
575 12
576 229
576 307
577 254
577 308
578 309
578 164
579 310
579 264
580 311
580 181
581 312
581 169
582 313
582 197
583 314
583 210
584 315
584 172
585 318
585 24
586 66
586 12
587 327
587 203
588 272
588 331
589 57
589 319
589 332
589 281
590 333
590 174
591 125
591 334
592 260
592 335
593 220
593 336
593 9
593 320
594 304
594 339
595 270
595 341
596 267
596 343
597 329
597 346
598 316
598 347
599 303
599 348
600 280
600 350
600 351
601 200
601 353
602 328
602 355
603 219
603 357
604 217
604 359
605 295
605 363
606 365
606 364
606 193
607 266
607 366
608 367
608 246
608 352
609 236
609 368
610 358
610 373
610 251
611 297
611 374
612 269
612 376
613 61
613 380
614 218
614 382
615 207
615 383
616 384
616 338
616 323
617 199
617 385
618 249
618 386
619 387
619 317
619 340
620 271
620 388
621 298
621 389
622 393
622 349
623 394
623 324
624 395
624 268
625 397
625 175
626 398
626 342
627 276
627 399
628 28
628 39
628 400
629 273
629 401
630 239
630 325
630 606
631 404
631 275
632 405
632 146
633 406
633 238
634 277
634 283
634 407
635 330
635 408
636 278
636 410
637 274
637 413
638 392
638 414
638 306
639 415
639 403
640 418
640 237
641 156
641 9
641 192
641 628
642 411
642 426
642 337
643 428
643 402
644 430
644 360
645 322
645 431
645 416
645 377
646 300
646 190
646 420
646 433
647 438
647 422
648 427
648 372
648 439
648 391
649 381
649 369
649 638
650 345
650 409
650 441
651 443
651 419
652 429
652 354
652 305
652 642
653 370
653 435
653 446
654 279
654 448
655 449
655 250
656 450
656 284
656 326
657 412
657 451
657 396
658 436
658 452
659 362
659 321
659 453
660 344
660 454
660 434
660 447
661 208
661 371
661 455
661 424
662 456
662 375
662 379
662 361
663 285
663 457
664 390
664 442
664 458
665 459
665 437
666 425
666 460
667 440
667 461
667 432
