258 136
4 118
5 119
6 120
7 121
8 122
9 125
10 127
11 128
12 129
13 130
14 132
15 134
16 135
17 136
18 55
19 4
20 7
21 6
22 5
23 8
24 17
25 5
26 7
27 6
28 16
29 9
30 10
31 30
32 11
33 32
34 4
35 5
36 10
37 6
38 11
39 8
40 12
41 7
42 133
43 15
44 12
45 44
46 13
47 46
48 51
49 16
50 3
51 50
52 57
53 17
54 1
55 54
56 2
57 56
58 14
59 58
60 15
61 60
62 18
62 23
63 24
63 18
64 4
64 21
64 7
65 4
65 5
66 19
66 22
67 4
67 5
67 6
68 19
68 21
69 22
69 21
70 20
70 109
71 21
71 22
71 4
71 123
72 23
72 24
72 111
73 27
73 5
73 28
73 126
74 29
74 112
75 27
75 5
75 28
75 126
76 29
76 112
77 6
77 8
77 13
78 35
78 37
78 8
79 8
79 36
80 41
80 39
81 37
81 41
82 38
82 7
83 39
83 7
84 40
84 8
84 6
85 41
85 42
85 131
86 42
86 116
87 4
87 133
88 43
88 8
89 48
89 49
90 51
90 16
91 52
91 53
92 57
92 17
93 19
93 22
93 21
93 20
94 19
94 5
94 6
95 5
95 6
95 7
95 39
96 41
96 12
97 41
97 8
98 35
98 6
98 7
99 37
99 14
100 41
100 14
101 133
101 41
101 39
101 13
102 42
102 34
103 41
103 8
104 5
104 8
105 6
105 7
106 5
106 6
106 7
106 39
107 35
107 37
107 8
108 37
108 39
108 11
109 6
109 5
109 4
110 93
110 94
110 18
111 7
111 21
111 22
111 4
112 27
112 25
112 16
112 126
113 106
113 107
113 108
113 42
114 95
114 96
114 97
114 42
115 101
115 102
116 98
116 99
116 100
116 8
117 103
117 104
117 105
117 42
118 4
118 55
119 64
119 65
119 66
119 55
120 67
120 68
120 69
120 55
121 70
121 110
122 71
122 72
122 124
123 23
123 20
124 62
124 63
125 73
125 74
125 55
126 8
126 26
127 79
127 80
127 81
127 133
128 82
128 83
128 113
129 84
129 114
130 85
130 115
131 77
131 78
132 86
132 87
133 75
133 76
134 88
134 117
135 89
135 90
135 55
136 91
136 92
136 55
