353 172
8 44
9 46
10 48
11 50
12 52
13 54
14 4
15 1
16 2
17 152
18 151
19 150
20 3
21 9
22 12
23 13
24 8
25 7
26 10
27 11
28 6
29 57
30 29
31 172
32 31
33 90
34 33
35 113
36 35
37 77
38 37
39 106
40 39
41 135
42 41
43 119
44 43
45 131
46 45
47 167
48 47
49 170
50 49
51 137
52 51
53 117
54 53
55 25
55 2
55 23
55 22
56 11
56 10
56 21
56 24
57 55
57 56
58 27
58 24
59 23
59 22
60 23
60 22
61 14
61 20
61 21
62 13
62 9
63 16
63 23
63 9
63 8
64 5
64 21
64 24
65 12
65 9
65 24
66 22
66 21
66 8
67 5
67 22
68 7
68 2
69 6
69 27
70 16
70 23
70 22
71 10
71 21
71 70
72 27
72 26
73 7
73 21
73 24
74 27
74 26
75 7
75 15
75 23
75 22
76 27
76 10
76 21
76 24
77 75
77 76
78 16
78 11
78 21
78 24
79 5
79 4
79 12
80 21
80 24
80 79
81 22
81 9
81 8
82 21
82 24
83 7
83 22
83 10
84 28
84 3
84 26
84 19
85 13
85 22
85 9
86 20
86 21
86 19
87 20
87 21
87 19
88 13
88 21
89 144
89 6
89 23
89 22
90 11
90 21
90 24
90 89
91 3
91 13
92 152
92 150
93 27
93 26
93 24
94 147
94 23
94 22
95 6
95 139
96 140
96 12
96 24
97 149
97 23
98 9
98 24
98 18
99 25
99 27
99 26
100 146
100 6
101 27
101 26
101 24
102 148
102 23
102 22
103 151
103 9
104 20
104 21
104 19
105 155
105 7
105 28
106 27
106 26
106 24
106 105
107 22
107 141
108 156
108 24
109 3
109 21
109 143
110 4
110 12
110 157
111 2
111 13
111 22
111 9
112 154
112 23
112 27
113 21
113 24
113 112
114 23
114 22
114 153
114 145
115 162
115 24
116 164
116 7
116 28
117 27
117 26
117 24
117 116
118 161
118 7
118 28
119 27
119 26
119 118
120 158
120 21
120 24
121 2
121 23
121 22
122 9
122 8
122 121
123 7
123 23
123 22
124 10
124 21
124 24
124 123
125 160
125 26
126 25
126 163
127 159
127 6
128 23
128 142
129 166
129 24
130 165
130 7
130 28
131 27
131 26
131 130
132 25
132 26
132 138
133 169
133 27
134 168
134 7
134 28
135 27
135 26
135 134
136 171
136 7
136 28
137 27
137 26
137 136
138 59
138 58
139 60
139 24
140 62
140 61
141 64
141 63
142 66
142 65
143 13
143 67
144 68
144 26
145 25
145 69
146 72
146 71
147 74
147 73
148 26
148 78
149 81
149 80
150 22
150 4
151 23
151 22
152 5
152 13
153 26
153 82
154 84
154 83
155 86
155 85
156 87
156 13
157 17
157 88
158 92
158 91
159 94
159 93
160 96
160 95
161 98
161 97
162 100
162 99
163 102
163 101
164 104
164 103
165 108
165 107
166 111
166 110
166 109
167 115
167 114
168 122
168 120
169 125
169 124
170 127
170 126
171 129
171 128
172 133
172 132
