430 236
20 179
21 171
22 174
23 176
24 178
25 181
26 7
27 6
28 17
29 12
30 25
31 24
32 23
33 22
34 21
35 20
36 8
37 9
38 182
39 121
40 184
41 188
42 125
43 132
44 196
45 138
46 140
47 201
48 202
49 142
50 144
51 205
52 207
53 150
54 212
55 151
56 223
57 227
58 15
58 23
59 16
59 20
60 1
60 21
61 10
61 32
62 32
62 182
63 37
63 4
64 124
64 22
65 35
65 189
66 20
66 191
67 193
67 191
68 31
68 193
69 193
69 192
70 129
70 34
71 133
71 25
71 23
72 190
72 134
73 199
73 136
74 200
74 195
75 201
75 14
76 203
76 11
77 20
77 203
78 11
78 183
78 143
79 208
79 123
79 33
80 34
80 208
81 45
81 31
82 143
82 210
83 148
83 147
84 206
84 48
85 20
85 19
85 49
86 23
86 50
87 30
87 154
88 43
88 166
89 21
89 168
90 33
90 56
91 30
91 57
92 3
92 25
93 13
93 29
94 31
94 30
95 21
95 121
96 34
96 33
97 34
97 32
98 4
98 131
99 132
99 125
100 33
100 137
101 21
101 137
102 122
102 138
102 20
103 138
103 133
104 140
104 187
105 140
105 28
106 2
106 141
107 141
107 197
108 144
108 121
109 204
109 207
110 43
110 41
111 43
111 124
112 45
112 195
113 35
113 211
114 150
114 135
115 47
115 29
116 205
116 50
117 50
117 209
118 25
118 51
119 30
119 51
120 25
120 226
121 24
121 23
122 22
122 24
123 4
123 9
124 30
124 24
125 30
125 22
126 23
126 33
127 33
127 3
127 184
128 22
128 34
129 185
129 183
130 185
130 25
131 186
131 23
132 35
132 34
133 122
133 35
134 2
134 35
135 35
135 25
136 36
136 7
137 188
137 186
138 34
138 188
139 20
139 188
139 122
140 22
140 190
141 190
141 33
142 192
142 23
143 96
143 35
144 33
144 193
145 25
145 194
146 95
146 131
147 198
147 32
148 199
148 34
149 35
149 42
150 200
150 34
151 93
151 201
152 5
152 4
152 203
153 27
153 204
153 189
154 97
154 98
155 101
155 142
156 210
156 128
157 46
157 16
158 92
158 49
159 102
159 108
160 109
160 30
161 103
161 214
162 22
162 216
163 110
163 51
164 106
164 111
164 139
165 112
165 24
166 115
166 105
166 152
167 52
167 220
167 41
167 145
168 219
168 127
168 157
168 158
169 116
169 31
170 117
170 24
171 114
171 100
171 221
172 94
172 222
172 215
173 118
173 224
174 169
174 149
174 162
174 165
175 119
175 228
175 160
176 170
176 229
176 217
176 156
177 120
177 99
177 230
178 104
178 231
178 233
179 113
179 234
180 107
180 235
180 232
181 54
181 153
181 236
182 25
182 24
183 24
183 23
184 25
184 23
185 22
185 20
186 20
186 24
187 18
187 28
188 30
188 23
189 30
189 24
190 121
190 25
191 122
191 32
192 24
192 33
193 30
193 34
194 185
194 31
195 30
195 35
196 35
196 33
196 32
197 59
197 60
198 124
198 35
199 22
199 23
199 124
200 183
200 39
201 122
201 40
202 61
202 58
203 38
203 126
204 126
204 35
205 128
205 32
206 38
206 20
206 128
207 21
207 129
208 135
208 121
209 130
209 63
210 41
210 31
211 184
211 64
212 200
212 21
212 130
213 25
213 70
214 207
214 67
215 146
215 62
216 43
216 23
217 205
217 72
218 182
218 44
219 76
219 75
220 77
220 65
220 193
221 213
221 66
222 216
222 22
223 198
223 81
224 196
224 82
225 26
225 83
226 194
226 53
227 85
227 78
228 79
228 86
229 74
229 87
229 155
230 68
230 80
230 163
231 164
231 55
231 69
232 225
232 88
233 175
233 73
234 71
234 90
235 84
235 91
236 180
236 89
