4391 2993
36 1990
37 243
38 248
39 253
40 260
41 243
42 248
43 253
44 260
45 1994
46 349
47 357
48 365
49 387
50 407
51 1998
52 2286
53 447
54 2287
55 2287
56 451
57 452
58 349
59 357
60 365
61 387
62 407
63 2003
64 2004
65 2005
66 2006
67 2008
68 2009
69 1990
70 2011
71 2012
72 2013
73 2015
74 248
75 243
76 260
77 253
78 1604
79 1545
80 1598
81 1592
82 1548
83 2019
84 2022
85 2023
86 2024
87 1561
88 1572
89 1564
90 2027
91 1578
92 1584
93 2029
94 1495
95 1499
96 1506
97 1491
98 1503
99 1466
100 1481
101 1474
102 1456
103 1471
104 2398
105 1515
106 2401
107 869
108 2039
109 2040
110 2041
111 2043
112 2044
113 2046
114 2047
115 2048
116 2051
117 2052
118 2053
119 2054
120 2055
121 2056
122 2058
123 2059
124 2061
125 2062
126 2063
127 2066
128 2067
129 1531
130 2070
131 1443
132 1429
133 1420
134 1434
135 2073
136 1523
137 2076
138 2541
139 2542
140 1194
141 856
142 1120
143 1117
144 1108
145 1138
146 1077
147 881
148 842
149 844
150 840
151 2604
152 1255
153 2611
154 1272
155 1275
156 2613
157 1280
158 1294
159 1095
160 1098
161 1088
162 1311
163 2111
164 1314
165 1315
166 1316
167 2633
168 2664
169 1320
170 2666
171 1357
172 2121
173 1363
174 1367
175 1374
176 1375
177 1376
178 2680
179 1254
180 2683
181 1414
182 2684
183 1416
184 1087
185 1415
186 1507
187 1508
188 1511
189 1512
190 1133
191 1052
192 727
193 702
194 792
195 789
196 786
197 809
198 812
199 705
200 718
201 708
202 1632
203 1633
204 2808
205 2814
206 2818
207 1291
208 1288
209 2822
210 2824
211 1688
212 2837
213 2839
214 2846
215 24
216 215
217 216
218 23
219 218
220 219
221 2229
222 29
223 222
224 223
225 224
226 225
227 8
228 227
229 228
230 17
231 230
232 231
233 31
234 233
235 234
236 235
237 236
238 36
239 238
240 5
241 240
242 241
243 242
244 37
245 6
246 245
247 246
248 247
249 38
250 249
251 2232
252 228
253 252
254 39
255 254
256 2233
257 7
258 257
259 258
260 259
261 40
262 261
263 2234
264 2235
265 2236
266 2237
267 2238
268 2239
269 2240
270 2241
271 2242
272 41
273 42
274 273
275 2243
276 43
277 44
278 277
279 2244
280 2245
281 43
282 281
283 2246
284 2247
285 42
286 2248
287 2249
288 2250
289 19
290 289
291 290
292 291
293 292
294 21
295 294
296 295
297 296
298 297
299 20
300 299
301 300
302 301
303 302
304 295
305 304
306 305
307 306
308 300
309 308
310 309
311 310
312 290
313 312
314 313
315 314
316 1991
317 316
318 317
319 216
320 319
321 25
322 321
323 322
324 322
325 324
326 1992
327 326
328 219
329 328
330 22
331 330
332 331
333 331
334 333
335 1993
336 335
337 336
338 1992
339 338
340 339
341 1993
342 341
343 1991
344 343
345 45
346 1
347 346
348 347
349 348
350 46
351 350
352 351
353 352
354 3
355 354
356 355
357 356
358 47
359 358
360 359
361 360
362 2
363 362
364 363
365 364
366 48
367 366
368 367
369 368
370 47
371 370
372 371
373 48
374 373
375 374
376 46
377 376
378 377
379 1995
380 379
381 380
382 278
383 382
384 9
385 384
386 385
387 386
388 49
389 388
390 389
391 390
392 282
393 392
394 49
395 394
396 395
397 276
398 397
399 44
400 399
401 400
402 1996
403 402
404 4
405 404
406 405
407 406
408 50
409 408
410 409
411 410
412 274
413 412
414 41
415 414
416 415
417 416
418 285
419 418
420 272
421 420
422 50
423 422
424 423
425 1997
426 425
427 426
428 1996
429 428
430 429
431 1997
432 431
433 1995
434 433
435 51
436 2279
437 2280
438 2281
439 2282
440 2283
441 2284
442 2285
443 34
444 443
445 444
446 445
447 52
448 53
449 54
450 55
451 2288
452 56
453 57
454 453
455 35
456 455
457 456
458 457
459 1999
460 459
461 460
462 2290
463 2291
464 30
465 464
466 465
467 466
468 467
469 58
470 469
471 470
472 471
473 59
474 473
475 474
476 475
477 60
478 477
479 478
480 479
481 59
482 481
483 482
484 60
485 484
486 485
487 58
488 487
489 488
490 2000
491 490
492 491
493 262
494 493
495 61
496 495
497 496
498 497
499 255
500 499
501 61
502 501
503 502
504 39
505 504
506 505
507 40
508 507
509 508
510 2001
511 510
512 62
513 512
514 513
515 514
516 250
517 516
518 37
519 518
520 519
521 520
522 38
523 522
524 523
525 244
526 525
527 62
528 527
529 528
530 2002
531 530
532 531
533 2001
534 533
535 534
536 2002
537 536
538 2000
539 538
540 63
541 26
542 541
543 542
544 543
545 347
546 10
547 546
548 547
549 64
550 549
551 550
552 551
553 12
554 553
555 554
556 355
557 65
558 557
559 558
560 559
561 11
562 561
563 562
564 363
565 66
566 565
567 566
568 567
569 65
570 569
571 570
572 66
573 572
574 573
575 64
576 575
577 576
578 2007
579 578
580 579
581 258
582 16
583 582
584 583
585 67
586 585
587 586
588 587
589 385
590 18
591 590
592 591
593 68
594 593
595 594
596 595
597 69
598 597
599 598
600 599
601 68
602 601
603 602
604 69
605 604
606 605
607 67
608 607
609 608
610 2010
611 610
612 405
613 13
614 613
615 614
616 70
617 616
618 617
619 618
620 246
621 15
622 621
623 622
624 71
625 624
626 625
627 626
628 241
629 14
630 629
631 630
632 72
633 632
634 633
635 634
636 71
637 636
638 637
639 72
640 639
641 640
642 70
643 642
644 643
645 2014
646 645
647 646
648 2010
649 648
650 649
651 2014
652 651
653 2007
654 653
655 73
656 465
657 236
658 1999
659 2340
660 2341
661 225
662 74
663 662
664 663
665 75
666 665
667 666
668 74
669 668
670 669
671 670
672 75
673 672
674 673
675 674
676 76
677 676
678 677
679 77
680 679
681 680
682 76
683 682
684 683
685 684
686 77
687 686
688 687
689 688
690 78
691 690
692 691
693 692
694 79
695 694
696 695
697 696
698 80
699 698
700 699
701 700
702 79
703 702
704 703
705 80
706 705
707 706
708 78
709 708
710 709
711 2016
712 711
713 712
714 81
715 714
716 715
717 716
718 81
719 718
720 719
721 2017
722 721
723 82
724 723
725 724
726 725
727 82
728 727
729 728
730 2018
731 730
732 731
733 2017
734 733
735 734
736 2018
737 736
738 2016
739 738
740 83
741 2358
742 2359
743 2360
744 2021
745 744
746 2363
747 2364
748 2365
749 2366
750 84
751 750
752 751
753 752
754 85
755 754
756 755
757 756
758 86
759 758
760 759
761 760
762 85
763 762
764 763
765 86
766 765
767 766
768 84
769 768
770 769
771 2025
772 771
773 772
774 87
775 774
776 775
777 776
778 88
779 778
780 779
781 780
782 89
783 782
784 783
785 784
786 88
787 786
788 787
789 89
790 789
791 790
792 87
793 792
794 793
795 2026
796 795
797 90
798 797
799 798
800 799
801 91
802 801
803 802
804 803
805 92
806 805
807 806
808 807
809 91
810 809
811 810
812 92
813 812
814 813
815 90
816 815
817 816
818 2028
819 818
820 819
821 2026
822 821
823 822
824 2028
825 824
826 2025
827 826
828 93
829 2031
830 829
831 2362
832 2390
833 2392
834 94
835 834
836 835
837 95
838 837
839 838
840 96
841 840
842 97
843 842
844 98
845 844
846 2033
847 99
848 100
849 848
850 101
851 850
852 2396
853 102
854 853
855 854
856 103
857 856
858 2397
859 104
860 859
861 860
862 105
863 862
864 2400
865 2398
866 106
867 866
868 2034
869 868
870 107
871 870
872 100
873 99
874 873
875 2404
876 103
877 876
878 877
879 2405
880 107
881 95
882 881
883 97
884 883
885 884
886 2036
887 2038
888 887
889 888
890 108
891 890
892 891
893 892
894 888
895 109
896 895
897 896
898 897
899 888
900 110
901 900
902 901
903 902
904 109
905 904
906 905
907 110
908 907
909 908
910 108
911 910
912 911
913 2042
914 913
915 914
916 888
917 111
918 888
919 112
920 919
921 111
922 921
923 112
924 2045
925 924
926 888
927 113
928 927
929 928
930 929
931 888
932 114
933 932
934 933
935 934
936 888
937 115
938 937
939 938
940 939
941 114
942 941
943 942
944 115
945 944
946 945
947 113
948 947
949 948
950 2049
951 950
952 951
953 2045
954 953
955 954
956 2049
957 956
958 2042
959 958
960 2050
961 888
962 116
963 116
964 963
965 117
966 965
967 966
968 2437
969 887
970 969
971 2439
972 118
973 972
974 969
975 119
976 975
977 976
978 977
979 969
980 120
981 980
982 981
983 982
984 969
985 121
986 985
987 986
988 987
989 120
990 989
991 990
992 121
993 992
994 993
995 119
996 995
997 996
998 2057
999 998
1000 999
1001 969
1002 122
1003 969
1004 123
1005 1004
1006 122
1007 1006
1008 123
1009 2060
1010 1009
1011 969
1012 124
1013 1012
1014 1013
1015 1014
1016 969
1017 125
1018 1017
1019 1018
1020 1019
1021 969
1022 126
1023 1022
1024 1023
1025 1024
1026 125
1027 1026
1028 1027
1029 126
1030 1029
1031 1030
1032 124
1033 1032
1034 1033
1035 2064
1036 1035
1037 1036
1038 2060
1039 1038
1040 1039
1041 2064
1042 1041
1043 2057
1044 1043
1045 118
1046 2065
1047 127
1048 2473
1049 128
1050 838
1051 1050
1052 129
1053 1052
1054 1053
1055 884
1056 1055
1057 129
1058 1057
1059 1058
1060 1059
1061 842
1062 1061
1063 881
1064 1063
1065 2068
1066 1065
1067 98
1068 1067
1069 1068
1070 1069
1071 835
1072 1071
1073 96
1074 1073
1075 1074
1076 1075
1077 94
1078 1077
1079 1078
1080 840
1081 1080
1082 844
1083 1082
1084 2069
1085 1084
1086 130
1087 131
1088 132
1089 132
1090 1089
1091 131
1092 1091
1093 2071
1094 1093
1095 133
1096 134
1097 1096
1098 134
1099 133
1100 1099
1101 2072
1102 1101
1103 135
1104 101
1105 1104
1106 1105
1107 1106
1108 874
1109 1108
1110 1109
1111 872
1112 1111
1113 1112
1114 847
1115 1114
1116 1115
1117 849
1118 1117
1119 1118
1120 851
1121 1120
1122 1121
1123 2074
1124 1123
1125 854
1126 1125
1127 136
1128 1127
1129 1128
1130 1129
1131 877
1132 1131
1133 136
1134 1133
1135 1134
1136 856
1137 1136
1138 102
1139 1138
1140 1139
1141 2075
1142 1141
1143 137
1144 2503
1145 2504
1146 2505
1147 2506
1148 2507
1149 2077
1150 1074
1151 2511
1152 1077
1153 2512
1154 2513
1155 1008
1156 2515
1157 2516
1158 1029
1159 1026
1160 2518
1161 2519
1162 1002
1163 2521
1164 2522
1165 2524
1166 995
1167 1032
1168 2526
1169 2527
1170 992
1171 2529
1172 2530
1173 989
1174 2532
1175 2533
1176 1068
1177 2539
1178 2540
1179 138
1180 139
1181 105
1182 2543
1183 1182
1184 2080
1185 2081
1186 2549
1187 2551
1188 2082
1189 2555
1190 2083
1191 2559
1192 2560
1193 2537
1194 2543
1195 140
1196 2564
1197 1194
1198 2086
1199 2568
1200 2087
1201 2572
1202 2088
1203 2576
1204 2089
1205 2580
1206 2091
1207 2584
1208 2586
1209 2092
1210 2590
1211 2093
1212 2594
1213 2094
1214 141
1215 1214
1216 1215
1217 142
1218 1217
1219 1218
1220 143
1221 1220
1222 1221
1223 144
1224 1223
1225 145
1226 1225
1227 2097
1228 1227
1229 143
1230 1229
1231 142
1232 1231
1233 145
1234 1233
1235 1234
1236 2099
1237 1236
1238 146
1239 1238
1240 147
1241 1240
1242 148
1243 1242
1244 1243
1245 2602
1246 149
1247 1246
1248 1247
1249 150
1250 1249
1251 2603
1252 151
1253 2101
1254 1253
1255 2606
1256 152
1257 2103
1258 1257
1259 150
1260 1259
1261 1260
1262 149
1263 1262
1264 146
1265 1264
1266 1265
1267 147
1268 1267
1269 1268
1270 2609
1271 2610
1272 153
1273 154
1274 1273
1275 2412
1276 155
1277 1276
1278 2105
1279 1278
1280 156
1281 157
1282 157
1283 1282
1284 2616
1285 2614
1286 141
1287 1286
1288 2107
1289 1288
1290 2615
1291 2109
1292 1291
1293 2612
1294 2622
1295 158
1296 1295
1297 2623
1298 2624
1299 148
1300 1299
1301 2626
1302 2627
1303 2110
1304 159
1305 1304
1306 160
1307 1306
1308 161
1309 1308
1310 2629
1311 2631
1312 162
1313 1312
1314 163
1315 164
1316 165
1317 166
1318 1317
1319 2542
1320 167
1321 2112
1322 2637
1323 2638
1324 1248
1325 2639
1326 2641
1327 2642
1328 2644
1329 2645
1330 2647
1331 2648
1332 2650
1333 2651
1334 2653
1335 2655
1336 1248
1337 2656
1338 2658
1339 2660
1340 2662
1341 2663
1342 168
1343 169
1344 1343
1345 2034
1346 2117
1347 1346
1348 170
1349 1348
1350 2667
1351 153
1352 1351
1353 2669
1354 144
1355 1354
1356 1355
1357 2119
1358 171
1359 1358
1360 2671
1361 2671
1362 1361
1363 172
1364 2672
1365 1364
1366 173
1367 2673
1368 174
1369 2674
1370 1369
1371 166
1372 2675
1373 2677
1374 2679
1375 175
1376 176
1377 177
1378 1377
1379 178
1380 1379
1381 1380
1382 1381
1383 1380
1384 1383
1385 1380
1386 1385
1387 1379
1388 1387
1389 1388
1390 1387
1391 1390
1392 1380
1393 1392
1394 1387
1395 1394
1396 1387
1397 1396
1398 1387
1399 1398
1400 1342
1401 1400
1402 1342
1403 1402
1404 161
1405 1305
1406 159
1407 2122
1408 179
1409 1408
1410 167
1411 1410
1412 164
1413 1412
1414 180
1415 181
1416 182
1417 183
1418 2686
1419 2687
1420 1419
1421 1309
1422 1421
1423 1422
1424 1404
1425 1424
1426 1425
1427 2123
1428 2688
1429 1428
1430 160
1431 2689
1432 2124
1433 2692
1434 1433
1435 1305
1436 1404
1437 2125
1438 184
1439 184
1440 1439
1441 2695
1442 1441
1443 1442
1444 1234
1445 1286
1446 1231
1447 1229
1448 1223
1449 2696
1450 2697
1451 1225
1452 2127
1453 2621
1454 2700
1455 2701
1456 1455
1457 1355
1458 1457
1459 1458
1460 1459
1461 1448
1462 1461
1463 1462
1464 2128
1465 2702
1466 1465
1467 1215
1468 1218
1469 2129
1470 2706
1471 1470
1472 2130
1473 2709
1474 1473
1475 1447
1476 1475
1477 1476
1478 1221
1479 2131
1480 2712
1481 1480
1482 2713
1483 1299
1484 1483
1485 1484
1486 1243
1487 1486
1488 1487
1489 2132
1490 2714
1491 1490
1492 2715
1493 2133
1494 2718
1495 1494
1496 1268
1497 2134
1498 2721
1499 1498
1500 2722
1501 2135
1502 2725
1503 1502
1504 2136
1505 2729
1506 1505
1507 185
1508 186
1509 187
1510 1509
1511 187
1512 188
1513 189
1514 2730
1515 1514
1516 190
1517 1516
1518 1457
1519 2732
1520 190
1521 2735
1522 1521
1523 1522
1524 191
1525 1524
1526 1299
1527 2737
1528 191
1529 2740
1530 1529
1531 1530
1532 2741
1533 2743
1534 192
1535 1534
1536 2410
1537 193
1538 193
1539 1538
1540 2410
1541 1540
1542 192
1543 2141
1544 2142
1545 1544
1546 2143
1547 2144
1548 1547
1549 2754
1550 194
1551 195
1552 1551
1553 2411
1554 195
1555 194
1556 1555
1557 2411
1558 1557
1559 2145
1560 2146
1561 1560
1562 2147
1563 2148
1564 1563
1565 196
1566 1565
1567 197
1568 2149
1569 196
1570 2150
1571 2151
1572 1571
1573 2773
1574 197
1575 1574
1576 2152
1577 2153
1578 1577
1579 198
1580 198
1581 1580
1582 2154
1583 2155
1584 1583
1585 199
1586 2156
1587 200
1588 200
1589 1588
1590 2157
1591 2158
1592 1591
1593 2790
1594 199
1595 1594
1596 2159
1597 2160
1598 1597
1599 201
1600 201
1601 1600
1602 2161
1603 2162
1604 1603
1605 2802
1606 1464
1607 2163
1608 1607
1609 2358
1610 2804
1611 2806
1612 1479
1613 2164
1614 1613
1615 1472
1616 2165
1617 1616
1618 2543
1619 1618
1620 1619
1621 1620
1622 1621
1623 1366
1624 1623
1625 1624
1626 1625
1627 173
1628 1627
1629 1628
1630 2166
1631 1630
1632 169
1633 202
1634 203
1635 2541
1636 204
1637 2809
1638 177
1639 2168
1640 1639
1641 2169
1642 1253
1643 2170
1644 2671
1645 2070
1646 2171
1647 1646
1648 2671
1649 2076
1650 2172
1651 1650
1652 2174
1653 1652
1654 2812
1655 2813
1656 205
1657 206
1658 1657
1659 207
1660 1659
1661 2820
1662 208
1663 1662
1664 1357
1665 209
1666 210
1667 1666
1668 209
1669 1668
1670 2175
1671 1670
1672 1671
1673 1672
1674 2175
1675 1674
1676 1675
1677 1676
1678 2607
1679 2829
1680 32
1681 1680
1682 1681
1683 33
1684 1683
1685 1684
1686 1685
1687 2832
1688 2177
1689 211
1690 1689
1691 2835
1692 2836
1693 212
1694 213
1695 1694
1696 2816
1697 2826
1698 212
1699 1698
1700 2178
1701 213
1702 214
1703 1702
1704 2181
1705 2848
1706 1705
1707 1706
1708 2849
1709 1708
1710 1709
1711 846
1712 2850
1713 1712
1714 1713
1715 1714
1716 2853
1717 2854
1718 2855
1719 2856
1720 2857
1721 2860
1722 2865
1723 2866
1724 2867
1725 2868
1726 2869
1727 2872
1728 2875
1729 2874
1730 2877
1731 2879
1732 2873
1733 2881
1734 2883
1735 2881
1736 2875
1737 2877
1738 2184
1739 1738
1740 1739
1741 1740
1742 2185
1743 2187
1744 1743
1745 1744
1746 1745
1747 2189
1748 2190
1749 1748
1750 1749
1751 1750
1752 2192
1753 2193
1754 1753
1755 1754
1756 1755
1757 2194
1758 2196
1759 1758
1760 1759
1761 1760
1762 2198
1763 2199
1764 1763
1765 1764
1766 1765
1767 2201
1768 2202
1769 1768
1770 1769
1771 1770
1772 2203
1773 2205
1774 1773
1775 1774
1776 1775
1777 36
1778 2967
1779 1778
1780 2209
1781 1780
1782 1781
1783 1782
1784 1090
1785 1784
1786 1785
1787 1786
1788 1787
1789 1100
1790 1789
1791 1790
1792 1791
1793 1792
1794 1097
1795 1794
1796 1795
1797 1796
1798 1797
1799 2893
1800 2073
1801 2210
1802 1801
1803 2052
1804 2211
1805 1804
1806 2066
1807 2212
1808 1807
1809 2019
1810 2213
1811 1810
1812 2029
1813 2214
1814 1813
1815 2003
1816 2215
1817 1816
1818 2015
1819 2216
1820 1819
1821 1998
1822 2217
1823 1822
1824 1994
1825 2218
1826 1825
1827 2050
1828 1827
1829 1828
1830 1829
1831 923
1832 1831
1833 1427
1834 2219
1835 1834
1836 917
1837 1836
1838 1407
1839 2220
1840 1839
1841 941
1842 1841
1843 1432
1844 2221
1845 1844
1846 944
1847 1846
1848 1489
1849 2222
1850 1849
1851 947
1852 1851
1853 1497
1854 2223
1855 1854
1856 904
1857 1856
1858 1493
1859 2224
1860 1859
1861 907
1862 1861
1863 1504
1864 2225
1865 1864
1866 910
1867 1866
1868 1501
1869 2226
1870 1869
1871 2989
1872 1871
1873 1872
1874 1873
1875 168
1876 1875
1877 1876
1878 1877
1879 1878
1880 1879
1881 1880
1882 2800
1883 2801
1884 1469
1885 2227
1886 1885
1887 2805
1888 2803
1889 1452
1890 2228
1891 1890
1892 1891
1893 1892
1894 1886
1895 1894
1896 1881
1897 1896
1898 1874
1899 1898
1900 1870
1901 1900
1902 1865
1903 1902
1904 1860
1905 1904
1906 1855
1907 1906
1908 1850
1909 1908
1910 1845
1911 1910
1912 1840
1913 1912
1914 1835
1915 1914
1916 1830
1917 1916
1918 1826
1919 1918
1920 1823
1921 1920
1922 1820
1923 1922
1924 1817
1925 1924
1926 1814
1927 1926
1928 1811
1929 1928
1930 1808
1931 1930
1932 1805
1933 1932
1934 1802
1935 1934
1936 1798
1937 1936
1938 1793
1939 1938
1940 1788
1941 1940
1942 1783
1943 1942
1944 1776
1945 1944
1946 1771
1947 1946
1948 1766
1949 1948
1950 1761
1951 1950
1952 1756
1953 1952
1954 1751
1955 1954
1956 1746
1957 1956
1958 1741
1959 1958
1960 1715
1961 1960
1962 1710
1963 1962
1964 1707
1965 1964
1966 1677
1967 1966
1968 1673
1969 1968
1970 1651
1971 1970
1972 1647
1973 1972
1974 1643
1975 1974
1976 1641
1977 1976
1978 1631
1979 1978
1980 1626
1981 1980
1982 1622
1983 1982
1984 1617
1985 1984
1986 1614
1987 1986
1988 1608
1989 1988
1990 2230
1990 2231
1991 2251
1991 2252
1991 2253
1991 2254
1992 2255
1992 2256
1993 2257
1993 2258
1994 2259
1994 2260
1994 2261
1994 2262
1995 2263
1995 2264
1995 2265
1995 2266
1996 2267
1996 2268
1996 2269
1996 2270
1997 2271
1997 2272
1997 2273
1997 2274
1998 2275
1998 2276
1998 2277
1998 2278
1999 27
1999 28
2000 2292
2000 2293
2000 2294
2000 2295
2001 2296
2001 2297
2001 2298
2001 2299
2002 2300
2002 2301
2002 2302
2002 2303
2003 2304
2003 2305
2003 2306
2003 2307
2004 2308
2004 2309
2005 2310
2005 2311
2006 2312
2006 2313
2007 2314
2007 2315
2007 2316
2007 2317
2008 2318
2008 2319
2009 2320
2009 2321
2010 2322
2010 2323
2010 2324
2010 2325
2011 2326
2011 2327
2012 2328
2012 2329
2013 2330
2013 2331
2014 2332
2014 2333
2014 2334
2014 2335
2015 2336
2015 2337
2015 2338
2015 2339
2016 2342
2016 2343
2016 2344
2016 2345
2017 2346
2017 2347
2017 2348
2017 2349
2018 2350
2018 2351
2018 2352
2018 2353
2019 2354
2019 2355
2019 2356
2019 2357
2020 305
2020 313
2020 309
2021 657
2021 1403
2021 2020
2022 2361
2022 2367
2023 2368
2023 2369
2024 2370
2024 2371
2025 2372
2025 2373
2025 2374
2025 2375
2026 2376
2026 2377
2026 2378
2026 2379
2027 2380
2027 2381
2028 2382
2028 2383
2028 2384
2028 2385
2029 2386
2029 2387
2029 2388
2029 2389
2030 540
2030 740
2030 544
2031 655
2031 828
2031 2030
2032 836
2032 839
2032 841
2033 843
2033 845
2033 2032
2034 861
2034 2402
2035 841
2035 836
2035 845
2036 882
2036 885
2036 2035
2037 846
2037 2407
2037 886
2038 2412
2038 845
2038 2037
2039 2395
2039 889
2040 2413
2040 894
2041 2414
2041 899
2042 2415
2042 2416
2042 2417
2042 2418
2043 2419
2043 916
2044 2420
2044 918
2045 2421
2045 2422
2046 926
2046 2423
2047 931
2047 2424
2048 2425
2048 936
2049 2426
2049 2427
2049 2428
2049 2429
2050 2430
2050 2431
2050 2432
2050 2433
2051 2434
2051 961
2052 2435
2052 2436
2053 2438
2053 970
2053 2440
2054 2441
2054 2442
2054 974
2055 2443
2055 2444
2055 979
2056 2445
2056 2446
2056 984
2057 2447
2057 2448
2057 2449
2057 2450
2058 1001
2058 2451
2058 2452
2059 2453
2059 2454
2059 1003
2060 2455
2060 2456
2061 1011
2061 2457
2061 2458
2062 2459
2062 2460
2062 1016
2063 2461
2063 2462
2063 1021
2064 2463
2064 2464
2064 2465
2064 2466
2065 2467
2065 2468
2065 2469
2065 2470
2066 2471
2066 2472
2067 830
2067 1048
2068 2474
2068 2475
2068 2476
2068 2477
2069 2478
2069 2479
2069 2480
2069 2481
2070 2483
2070 2484
2071 2485
2071 2486
2072 2487
2072 2488
2073 2490
2073 2491
2074 2492
2074 2493
2074 2494
2074 2495
2075 2496
2075 2497
2075 2498
2075 2499
2076 2501
2076 2502
2077 2508
2077 2509
2078 2514
2078 2517
2078 2520
2078 2523
2079 2525
2079 2528
2079 2531
2079 2534
2080 2544
2080 2545
2081 2547
2081 2548
2082 2552
2082 2553
2083 2556
2083 2557
2084 2546
2084 2550
2084 2554
2084 2558
2085 2562
2085 2565
2086 2566
2086 2567
2087 2570
2087 2571
2088 2574
2088 2575
2089 2578
2089 2579
2090 2569
2090 2573
2090 2577
2090 2581
2091 2582
2091 2583
2092 2587
2092 2588
2093 2591
2093 2592
2094 2595
2094 2596
2095 2585
2095 2589
2095 2593
2095 2597
2096 1216
2096 1219
2096 1222
2097 1224
2097 1226
2097 2096
2098 1216
2098 1224
2098 1230
2099 1232
2099 1235
2099 2098
2100 2536
2100 2507
2100 2408
2101 2409
2101 2410
2101 2411
2101 2100
2102 1222
2102 1219
2102 1216
2103 1224
2103 1235
2103 2102
2104 1235
2104 1230
2104 1224
2105 1216
2105 1219
2105 2104
2106 1235
2106 1232
2106 1230
2107 1224
2107 1287
2107 2106
2108 1235
2108 1222
2108 1216
2109 1232
2109 1224
2109 2108
2110 2625
2110 2628
2111 2630
2111 2632
2112 2635
2112 2636
2113 2640
2113 2643
2113 2646
2114 2649
2114 2652
2114 2654
2115 2657
2115 2659
2115 2661
2116 1222
2116 1224
2116 1235
2117 1219
2117 1287
2117 2116
2118 1356
2118 1232
2118 1216
2119 1222
2119 1235
2119 2118
2120 2665
2120 2668
2120 2670
2121 1360
2121 1362
2122 2681
2122 1405
2122 2682
2123 1423
2123 1426
2124 2690
2124 2691
2125 1435
2125 1436
2126 2693
2126 2694
2127 2698
2127 2699
2128 1460
2128 1463
2129 2703
2129 2704
2129 2705
2130 2707
2130 2708
2131 1477
2131 2710
2131 2711
2132 1485
2132 1488
2133 2716
2133 2717
2134 2719
2134 1496
2134 2720
2135 2723
2135 2724
2136 2726
2136 2727
2136 2728
2137 2731
2137 1518
2138 2733
2138 2734
2139 1526
2139 2736
2140 2738
2140 2739
2141 2745
2141 2746
2141 2747
2142 2744
2142 2748
2143 2749
2143 2750
2144 2751
2144 2752
2145 2755
2145 2756
2145 2757
2146 2753
2146 2758
2146 2759
2147 2761
2147 2762
2148 2760
2148 2763
2148 2764
2149 2766
2149 2767
2150 2768
2150 2769
2151 2765
2151 2770
2151 2771
2152 2774
2152 2775
2153 2772
2153 2776
2153 2777
2154 2779
2154 2780
2154 2781
2155 2778
2155 2782
2155 2783
2156 2784
2156 2785
2157 2786
2157 2787
2158 2788
2158 2789
2159 2791
2159 2792
2160 2793
2160 2794
2161 2795
2161 2796
2161 2797
2162 2798
2162 2799
2163 1605
2163 1606
2164 1611
2164 1612
2165 2807
2165 1615
2166 1368
2166 1629
2167 1638
2167 1507
2167 1376
2168 1508
2168 1375
2168 1415
2168 2167
2169 2810
2169 1640
2170 2811
2170 1642
2171 1644
2171 1645
2172 1648
2172 1649
2173 885
2173 1150
2173 845
2174 836
2174 839
2174 2173
2175 2819
2175 2821
2175 2823
2175 2828
2176 1230
2176 1356
2176 1219
2177 1216
2177 1235
2177 2176
2178 2843
2178 2844
2179 2833
2179 2834
2179 2842
2179 2845
2180 1193
2180 1695
2180 1359
2181 1272
2181 2034
2181 2180
2182 2876
2182 2878
2182 2880
2182 2882
2183 2888
2183 2889
2184 2886
2184 2895
2185 2896
2185 2897
2185 2898
2185 2899
2186 2901
2186 2902
2187 2900
2187 2905
2188 2907
2188 2908
2189 2911
2189 2912
2189 2913
2189 2914
2190 2910
2190 2915
2191 2916
2191 2917
2192 2921
2192 2922
2192 2923
2192 2924
2193 2920
2193 2925
2194 2926
2194 2927
2194 2928
2194 2929
2195 2931
2195 2932
2196 2930
2196 2935
2197 2936
2197 2937
2198 2941
2198 2942
2198 2943
2198 2944
2199 2940
2199 2945
2200 2946
2200 2947
2201 2951
2201 2952
2201 2953
2201 2954
2202 2950
2202 2955
2203 2956
2203 2957
2203 2958
2203 2959
2204 2962
2204 2963
2205 2960
2205 2965
2206 2966
2206 1779
2207 2968
2207 2969
2207 2970
2207 2971
2208 2975
2208 2976
2209 2973
2209 2978
2210 2979
2210 1800
2211 2980
2211 1803
2212 2981
2212 1806
2213 2982
2213 1809
2214 2983
2214 1812
2215 2984
2215 1815
2216 2985
2216 1818
2217 2986
2217 1821
2218 2987
2218 1824
2219 1832
2219 1833
2220 1837
2220 1838
2221 1842
2221 1843
2222 1847
2222 1848
2223 1852
2223 1853
2224 1857
2224 1858
2225 1862
2225 1863
2226 1867
2226 1868
2227 2990
2227 2991
2227 1884
2228 2992
2228 2993
2228 1889
2229 217
2229 220
2230 226
2230 229
2231 232
2231 237
2232 244
2232 250
2233 255
2233 244
2234 244
2234 262
2235 251
2235 256
2235 263
2236 263
2236 2233
2236 251
2237 2234
2237 251
2237 2233
2238 256
2238 251
2238 2234
2239 2232
2239 263
2239 256
2240 2234
2240 2233
2240 2232
2240 244
2241 2233
2241 263
2241 2232
2242 2234
2242 256
2242 2232
2243 272
2243 274
2244 276
2244 278
2245 275
2245 279
2246 278
2246 282
2247 275
2247 283
2248 272
2248 285
2249 279
2249 286
2250 283
2250 286
2251 293
2251 298
2251 303
2252 293
2252 307
2252 311
2253 315
2253 298
2253 311
2254 315
2254 307
2254 303
2255 320
2255 323
2256 217
2256 325
2257 329
2257 332
2258 220
2258 334
2259 318
2259 327
2259 337
2260 318
2260 340
2260 342
2261 344
2261 327
2261 342
2262 344
2262 340
2262 337
2263 353
2263 361
2263 369
2264 353
2264 372
2264 375
2265 378
2265 361
2265 375
2266 378
2266 372
2266 369
2267 383
2267 391
2267 393
2268 383
2268 396
2268 398
2269 401
2269 391
2269 398
2270 401
2270 396
2270 393
2271 411
2271 413
2271 417
2272 411
2272 419
2272 421
2273 424
2273 413
2273 421
2274 424
2274 419
2274 417
2275 381
2275 403
2275 427
2276 381
2276 430
2276 432
2277 434
2277 403
2277 432
2278 434
2278 430
2278 427
2279 399
2279 276
2280 275
2280 436
2281 399
2281 282
2282 275
2282 438
2283 415
2283 285
2284 436
2284 440
2285 438
2285 286
2286 436
2286 286
2287 446
2287 448
2288 449
2288 450
2289 451
2289 454
2290 329
2290 217
2291 296
2291 332
2292 472
2292 476
2292 480
2293 472
2293 483
2293 486
2294 489
2294 476
2294 486
2295 489
2295 483
2295 480
2296 494
2296 498
2296 500
2297 494
2297 503
2297 506
2298 509
2298 498
2298 506
2299 509
2299 503
2299 500
2300 515
2300 517
2300 521
2301 515
2301 524
2301 526
2302 529
2302 517
2302 526
2303 529
2303 524
2303 521
2304 492
2304 511
2304 532
2305 492
2305 535
2305 537
2306 539
2306 511
2306 537
2307 539
2307 535
2307 532
2308 226
2308 545
2309 237
2309 548
2310 237
2310 555
2311 556
2311 226
2312 237
2312 563
2313 226
2313 564
2314 552
2314 560
2314 568
2315 552
2315 571
2315 574
2316 577
2316 560
2316 574
2317 577
2317 571
2317 568
2318 581
2318 226
2319 237
2319 584
2320 226
2320 589
2321 592
2321 237
2322 588
2322 596
2322 600
2323 588
2323 603
2323 606
2324 609
2324 596
2324 606
2325 609
2325 603
2325 600
2326 612
2326 226
2327 237
2327 615
2328 620
2328 226
2329 237
2329 623
2330 226
2330 628
2331 237
2331 631
2332 619
2332 627
2332 635
2333 619
2333 638
2333 641
2334 644
2334 627
2334 641
2335 644
2335 638
2335 635
2336 580
2336 611
2336 647
2337 580
2337 650
2337 652
2338 654
2338 611
2338 652
2339 654
2339 650
2339 647
2340 320
2340 220
2341 296
2341 334
2342 693
2342 697
2342 701
2343 693
2343 704
2343 707
2344 710
2344 697
2344 707
2345 710
2345 704
2345 701
2346 685
2346 717
2346 689
2347 685
2347 720
2347 681
2348 678
2348 717
2348 681
2349 678
2349 720
2349 689
2350 726
2350 671
2350 675
2351 726
2351 664
2351 667
2352 729
2352 671
2352 667
2353 729
2353 664
2353 675
2354 713
2354 722
2354 732
2355 713
2355 735
2355 737
2356 739
2356 722
2356 737
2357 739
2357 735
2357 732
2358 1401
2358 309
2358 313
2358 661
2359 659
2359 660
2359 741
2360 658
2360 742
2361 743
2361 545
2362 745
2362 220
2363 745
2363 217
2364 745
2364 332
2365 2362
2365 746
2365 747
2366 748
2366 656
2367 548
2367 749
2368 743
2368 556
2369 555
2369 749
2370 749
2370 563
2371 743
2371 564
2372 753
2372 757
2372 761
2373 753
2373 764
2373 767
2374 770
2374 757
2374 767
2375 770
2375 764
2375 761
2376 777
2376 781
2376 785
2377 777
2377 788
2377 791
2378 794
2378 781
2378 791
2379 794
2379 788
2379 785
2380 615
2380 749
2381 612
2381 743
2382 800
2382 804
2382 808
2383 800
2383 811
2383 814
2384 817
2384 804
2384 814
2385 817
2385 811
2385 808
2386 773
2386 796
2386 820
2387 773
2387 823
2387 825
2388 827
2388 796
2388 825
2389 827
2389 823
2389 820
2390 831
2390 2363
2390 747
2391 832
2391 468
2392 462
2392 741
2392 463
2393 461
2393 833
2394 2391
2394 2393
2395 2394
2395 545
2396 847
2396 849
2396 851
2397 852
2397 855
2397 857
2398 1382
2398 351
2399 458
2399 1370
2400 447
2400 2289
2400 2399
2401 864
2401 865
2402 863
2402 867
2403 858
2403 871
2404 872
2404 874
2404 851
2405 875
2405 878
2405 855
2406 879
2406 880
2407 2403
2407 2406
2408 1395
2408 442
2409 441
2409 1393
2410 1391
2410 439
2411 437
2411 1389
2412 2408
2412 2409
2412 2410
2412 2411
2413 2394
2413 556
2414 2394
2414 564
2415 893
2415 898
2415 903
2416 893
2416 906
2416 909
2417 912
2417 898
2417 909
2418 912
2418 906
2418 903
2419 581
2419 2394
2420 2394
2420 229
2421 917
2421 920
2422 922
2422 923
2423 2394
2423 612
2424 620
2424 2394
2425 628
2425 2394
2426 930
2426 935
2426 940
2427 930
2427 943
2427 946
2428 949
2428 935
2428 946
2429 949
2429 943
2429 940
2430 915
2430 925
2430 952
2431 915
2431 955
2431 957
2432 959
2432 925
2432 957
2433 959
2433 955
2433 952
2434 589
2434 2394
2435 960
2435 962
2436 964
2436 2050
2437 657
2437 887
2438 592
2438 968
2439 887
2439 661
2440 589
2440 971
2441 545
2441 971
2442 968
2442 548
2443 971
2443 556
2444 968
2444 555
2445 563
2445 968
2446 564
2446 971
2447 978
2447 983
2447 988
2448 978
2448 991
2448 994
2449 997
2449 983
2449 994
2450 997
2450 991
2450 988
2451 971
2451 581
2452 968
2452 584
2453 968
2453 232
2454 229
2454 971
2455 1002
2455 1005
2456 1007
2456 1008
2457 612
2457 971
2458 615
2458 968
2459 968
2459 623
2460 971
2460 620
2461 631
2461 968
2462 971
2462 628
2463 1015
2463 1020
2463 1025
2464 1015
2464 1028
2464 1031
2465 1034
2465 1020
2465 1031
2466 1034
2466 1028
2466 1025
2467 1000
2467 1010
2467 1037
2468 1000
2468 1040
2468 1042
2469 1044
2469 1010
2469 1042
2470 1044
2470 1040
2470 1037
2471 973
2471 2065
2472 1045
2472 1046
2473 967
2473 435
2473 1047
2474 1051
2474 1054
2474 1056
2475 1051
2475 1060
2475 1062
2476 1064
2476 1054
2476 1062
2477 1064
2477 1060
2477 1056
2478 1070
2478 1072
2478 1076
2479 1070
2479 1079
2479 1081
2480 1083
2480 1072
2480 1081
2481 1083
2481 1079
2481 1076
2482 1066
2482 1085
2483 1066
2483 2482
2484 2482
2484 1085
2485 1087
2485 1088
2486 1090
2486 1092
2487 1095
2487 1097
2488 1098
2488 1100
2489 1094
2489 1102
2490 1094
2490 2489
2491 2489
2491 1102
2492 1107
2492 1110
2492 1113
2493 1107
2493 1116
2493 1119
2494 1122
2494 1110
2494 1119
2495 1122
2495 1116
2495 1113
2496 1126
2496 1130
2496 1132
2497 1126
2497 1135
2497 1137
2498 1140
2498 1130
2498 1137
2499 1140
2499 1135
2499 1132
2500 1124
2500 1142
2501 1124
2501 2500
2502 2500
2502 1142
2503 345
2503 1086
2503 1103
2503 1143
2504 836
2504 839
2504 885
2505 841
2505 845
2506 1145
2506 1146
2507 1397
2507 288
2508 2065
2508 1148
2509 1046
2509 2507
2510 1147
2510 1149
2511 845
2511 1150
2512 1152
2512 843
2512 882
2513 1151
2513 1153
2514 1154
2514 1155
2515 885
2515 839
2515 1152
2516 1151
2516 1156
2517 1157
2517 1158
2518 843
2518 839
2518 1152
2519 1151
2519 1160
2520 1159
2520 1161
2521 1152
2521 882
2521 885
2522 1151
2522 1163
2523 1162
2523 1164
2524 1151
2524 1145
2525 1165
2525 1166
2526 836
2526 843
2526 882
2527 1151
2527 1168
2528 1167
2528 1169
2529 836
2529 839
2529 843
2530 1151
2530 1171
2531 1170
2531 1172
2532 836
2532 882
2532 885
2533 1174
2533 1151
2534 1173
2534 1175
2535 2510
2535 2078
2535 2079
2536 287
2536 1399
2537 2507
2537 2536
2538 2535
2538 2537
2539 841
2539 1176
2540 1177
2540 1156
2541 1384
2541 284
2542 280
2542 1386
2543 1179
2543 1180
2543 1181
2544 1182
2544 695
2545 1183
2545 474
2546 1178
2546 1184
2547 1182
2547 699
2548 1183
2548 478
2549 1168
2549 1177
2550 1185
2550 1186
2551 1160
2551 1177
2552 1182
2552 724
2553 513
2553 1183
2554 1187
2554 1188
2555 1174
2555 1177
2556 691
2556 1182
2557 470
2557 1183
2558 1189
2558 1190
2559 1150
2559 1176
2560 1191
2560 1171
2561 2409
2561 1193
2562 1192
2562 2561
2563 1195
2563 2409
2564 1145
2564 1191
2565 2563
2565 1196
2566 1194
2566 755
2567 558
2567 1197
2568 1191
2568 1156
2569 1198
2569 1199
2570 1197
2570 550
2571 751
2571 1194
2572 1191
2572 1174
2573 1200
2573 1201
2574 617
2574 1197
2575 798
2575 1194
2576 1160
2576 1191
2577 1202
2577 1203
2578 1194
2578 759
2579 1197
2579 566
2580 1168
2580 1191
2581 1204
2581 1205
2582 783
2582 1194
2583 598
2583 1197
2584 1177
2584 1171
2585 1206
2585 1207
2586 1177
2586 1145
2587 1197
2587 586
2588 1194
2588 775
2589 1208
2589 1209
2590 1191
2590 1153
2591 625
2591 1197
2592 1194
2592 802
2593 1210
2593 1211
2594 1163
2594 1191
2595 633
2595 1197
2596 806
2596 1194
2597 1212
2597 1213
2598 2084
2598 2085
2598 2090
2598 2095
2599 868
2599 1228
2600 869
2600 1237
2601 2599
2601 2600
2602 1239
2602 1241
2602 1244
2603 1245
2603 1248
2603 1250
2604 2601
2604 1251
2605 2598
2605 1252
2606 1254
2606 2541
2606 2542
2607 1256
2607 1181
2608 458
2608 1365
2609 1244
2609 1266
2609 1269
2610 1261
2610 1263
2610 1270
2611 1258
2611 1271
2612 869
2612 1274
2612 1277
2613 1251
2613 1279
2614 1281
2614 868
2615 1283
2615 868
2616 2612
2616 2614
2616 2615
2617 1284
2617 1237
2618 1285
2618 1289
2619 1228
2619 1290
2620 1292
2620 1293
2621 2617
2621 2618
2621 2619
2621 2620
2622 2411
2622 2410
2623 1241
2623 1244
2623 1266
2624 1263
2624 1250
2624 1297
2625 868
2625 1298
2626 1300
2626 1269
2626 1266
2627 1301
2627 1263
2627 1250
2628 869
2628 1302
2629 1305
2629 1307
2629 1309
2630 2621
2630 1296
2630 1303
2630 1310
2631 2409
2631 2408
2631 2507
2631 2536
2632 2621
2632 1303
2632 1313
2633 1319
2633 864
2634 1318
2634 1320
2635 1228
2635 868
2635 1183
2636 1183
2636 869
2636 1237
2637 1300
2637 1269
2638 1266
2638 1261
2639 1322
2639 1323
2639 1324
2640 1321
2640 271
2640 1325
2641 1244
2641 1241
2642 1323
2642 1326
2642 1324
2643 1327
2643 1321
2643 270
2644 1269
2644 1244
2645 1323
2645 1324
2645 1328
2646 1329
2646 1321
2646 269
2647 1241
2647 1300
2648 1330
2648 1323
2648 1324
2649 1331
2649 1321
2649 268
2650 1261
2650 1239
2651 1324
2651 1322
2651 1332
2652 267
2652 1321
2652 1333
2653 1328
2653 1324
2653 1332
2654 1334
2654 266
2654 1321
2655 1250
2655 1266
2656 1335
2656 1336
2656 1328
2657 1337
2657 1321
2658 1326
2658 1332
2658 1324
2659 265
2659 1338
2659 1321
2660 1324
2660 1332
2660 1330
2661 264
2661 1339
2661 1321
2662 2113
2662 2114
2662 2115
2663 2634
2663 1340
2664 2607
2664 2608
2664 1341
2665 1342
2665 239
2665 1344
2666 1345
2666 1347
2667 1345
2667 1197
2668 1349
2668 1350
2668 1352
2669 869
2669 1197
2670 1352
2670 1353
2670 1359
2671 2538
2671 2605
2671 2120
2672 1049
2672 1144
2672 1363
2673 1144
2673 1049
2674 1366
2674 1368
2675 659
2675 741
2675 463
2676 1372
2676 461
2677 831
2677 747
2677 746
2678 468
2678 1373
2679 2676
2679 2678
2680 1340
2680 1371
2680 2608
2680 1378
2681 1404
2681 1305
2682 1309
2682 1406
2683 1409
2683 1411
2683 1413
2684 1340
2684 2607
2685 2607
2685 1417
2686 1415
2686 1375
2686 2685
2686 2608
2687 1407
2687 1418
2688 1427
2688 1418
2689 1309
2689 1305
2690 1430
2690 1431
2691 1307
2691 2689
2692 1432
2692 1418
2693 1437
2693 1438
2694 1440
2694 2125
2695 1418
2695 2126
2696 1447
2696 1448
2697 1445
2697 1446
2697 1449
2698 1444
2698 1450
2699 2697
2699 1451
2700 1453
2700 1418
2701 1452
2701 1454
2702 1464
2702 1454
2703 1449
2703 1446
2703 1467
2704 2696
2704 1445
2705 1445
2705 1468
2706 1454
2706 1469
2707 1446
2707 2696
2708 1468
2708 1449
2709 1472
2709 1454
2710 1457
2710 1447
2711 1448
2711 1478
2712 1454
2712 1479
2713 2110
2713 1418
2714 1482
2714 1489
2715 1268
2715 1243
2716 2715
2716 1265
2717 1238
2717 1492
2718 1482
2718 1493
2719 1268
2719 1299
2720 1240
2720 1243
2721 1482
2721 1497
2722 1260
2722 1492
2722 1265
2723 1262
2723 1500
2724 1247
2724 2722
2725 1482
2725 1501
2726 1265
2726 1492
2726 1249
2727 1238
2727 1260
2728 2715
2728 1260
2729 1482
2729 1504
2730 1510
2730 1513
2730 2399
2731 1447
2731 1468
2732 2137
2732 2697
2733 1517
2733 1519
2734 2732
2734 1520
2735 2138
2735 1454
2736 1268
2736 1238
2737 2139
2737 2722
2738 1525
2738 1527
2739 2737
2739 1528
2740 2140
2740 1482
2741 221
2741 741
2741 660
2742 1532
2742 658
2743 2366
2743 2742
2744 556
2744 2743
2745 1535
2745 1536
2745 1537
2746 1539
2746 1541
2747 1539
2747 1542
2748 1533
2748 1543
2749 1535
2749 1541
2750 1542
2750 1536
2751 1533
2751 1546
2752 2743
2752 612
2753 743
2753 581
2754 2366
2754 2360
2755 1550
2755 1552
2755 1553
2756 1554
2756 1556
2757 1556
2757 1558
2758 1549
2758 1559
2759 749
2759 584
2760 232
2760 749
2761 1558
2761 1552
2762 1553
2762 1554
2763 1549
2763 1562
2764 229
2764 743
2765 749
2765 592
2766 1556
2766 1567
2766 1553
2767 1554
2767 1553
2768 1566
2768 2149
2769 1568
2769 1569
2770 1549
2770 1570
2771 743
2771 589
2772 749
2772 623
2773 1553
2773 1552
2773 1556
2774 1573
2774 1567
2775 1575
2775 2773
2776 1549
2776 1576
2777 620
2777 743
2778 749
2778 631
2779 1579
2779 1575
2779 1573
2780 1567
2780 1581
2781 1581
2781 2773
2782 1582
2782 1549
2783 743
2783 628
2784 1536
2784 1539
2784 1585
2785 1536
2785 1542
2786 1586
2786 1587
2787 1589
2787 2156
2788 1590
2788 1533
2789 2743
2789 589
2790 1539
2790 1536
2790 1535
2791 1585
2791 1593
2792 1595
2792 2790
2793 1596
2793 1533
2794 2743
2794 564
2795 1595
2795 1599
2795 1593
2796 1601
2796 1585
2797 2790
2797 1601
2798 1533
2798 1602
2799 545
2799 2743
2800 741
2800 660
2800 462
2801 2362
2801 747
2801 2363
2802 2800
2802 2801
2803 831
2803 2363
2803 2364
2804 332
2804 305
2805 1609
2805 1610
2805 462
2806 2803
2806 2805
2807 1380
2807 367
2808 1635
2808 864
2809 1634
2809 1636
2809 1320
2810 1342
2810 1637
2811 1636
2811 1320
2811 1634
2812 1104
2812 874
2812 872
2813 1654
2813 878
2813 855
2814 1653
2814 1655
2815 1656
2815 869
2815 2412
2816 869
2816 2537
2817 2669
2817 2815
2817 2816
2818 1340
2818 1237
2819 2817
2819 1658
2820 869
2820 1352
2820 2412
2821 1660
2821 1661
2822 1664
2822 1251
2823 1663
2823 1665
2823 1345
2824 1345
2824 1228
2824 1340
2824 2624
2825 1275
2825 1193
2826 1345
2826 1669
2826 2825
2827 2826
2827 2667
2828 1667
2828 2827
2829 1678
2829 1411
2830 1679
2830 1682
2831 450
2831 2830
2832 2831
2832 2289
2832 1686
2833 1411
2833 1342
2833 1687
2834 1690
2834 1661
2835 1269
2835 1300
2835 1239
2836 1250
2836 1248
2836 1691
2837 1289
2837 1692
2838 1345
2838 1693
2839 1237
2839 1692
2840 1695
2840 1696
2841 2838
2841 2840
2842 1359
2842 2841
2843 886
2843 1697
2844 1272
2844 1699
2844 1350
2845 1349
2845 1700
2846 1258
2846 1371
2847 1701
2847 1703
2847 2034
2848 2179
2848 2847
2848 1704
2849 1704
2849 2847
2849 2179
2850 1655
2850 2622
2850 1711
2851 661
2851 301
2852 291
2852 661
2853 2851
2853 2852
2854 661
2854 220
2855 661
2855 332
2856 661
2856 296
2857 661
2857 217
2858 1717
2858 1718
2858 1719
2858 1720
2859 2855
2859 2856
2860 1716
2860 2858
2860 2859
2861 2857
2861 1721
2862 296
2862 657
2863 657
2863 291
2864 301
2864 657
2865 2862
2865 2863
2865 2864
2866 332
2866 657
2867 220
2867 657
2868 657
2868 217
2869 1723
2869 1724
2869 1725
2870 1722
2870 1726
2871 2861
2871 2870
2872 2856
2872 2866
2873 2854
2873 2868
2874 2855
2874 2867
2875 1727
2875 2873
2875 2874
2876 598
2876 1728
2877 2873
2877 2872
2877 1729
2878 1730
2878 783
2879 2874
2879 2873
2879 2872
2880 282
2880 1731
2881 2874
2881 2872
2881 1732
2882 1733
2882 1155
2883 2874
2883 1732
2883 1727
2884 239
2884 1734
2885 2182
2885 2884
2886 2871
2886 2885
2887 1735
2887 920
2888 1736
2888 255
2889 687
2889 1737
2890 2887
2890 2183
2891 1720
2891 1721
2892 2867
2892 2866
2893 1722
2893 2892
2894 2891
2894 2893
2895 2890
2895 2894
2896 1728
2896 586
2897 278
2897 1731
2898 775
2898 1730
2899 1162
2899 1733
2900 2871
2900 1742
2901 683
2901 1737
2902 262
2902 1736
2903 922
2903 1735
2904 2186
2904 2903
2905 2894
2905 2904
2906 1735
2906 933
2907 1736
2907 250
2908 1737
2908 669
2909 2906
2909 2188
2910 2894
2910 2909
2911 1733
2911 1159
2912 1731
2912 274
2913 1728
2913 625
2914 802
2914 1730
2915 2871
2915 1747
2916 1737
2916 673
2917 1736
2917 519
2918 1735
2918 938
2919 2191
2919 2918
2920 2894
2920 2919
2921 1733
2921 1158
2922 633
2922 1728
2923 1731
2923 415
2924 1730
2924 806
2925 2871
2925 1752
2926 1730
2926 798
2927 1728
2927 617
2928 409
2928 1731
2929 1733
2929 1167
2930 2871
2930 1757
2931 724
2931 1737
2932 1736
2932 513
2933 928
2933 1735
2934 2195
2934 2933
2935 2894
2935 2934
2936 1737
2936 695
2937 474
2937 1736
2938 896
2938 1735
2939 2197
2939 2938
2940 2894
2940 2939
2941 1728
2941 558
2942 1173
2942 1733
2943 755
2943 1730
2944 1731
2944 359
2945 1762
2945 2871
2946 699
2946 1737
2947 1736
2947 478
2948 1735
2948 901
2949 2200
2949 2948
2950 2894
2950 2949
2951 367
2951 1731
2952 1728
2952 566
2953 1170
2953 1733
2954 759
2954 1730
2955 1767
2955 2871
2956 351
2956 1731
2957 550
2957 1728
2958 1733
2958 1166
2959 1730
2959 751
2960 1772
2960 2871
2961 1735
2961 891
2962 1736
2962 470
2963 691
2963 1737
2964 2961
2964 2204
2965 2964
2965 2894
2966 1734
2966 1777
2967 2872
2967 1732
2967 1729
2968 779
2968 1730
2969 594
2969 1728
2970 389
2970 1731
2971 1046
2971 1733
2972 2206
2972 2207
2973 2972
2973 2871
2974 1735
2974 960
2975 715
2975 1737
2976 1736
2976 496
2977 2974
2977 2208
2978 2894
2978 2977
2979 2972
2979 1799
2980 1799
2980 2885
2981 1742
2981 1799
2982 1799
2982 1747
2983 1799
2983 1752
2984 1799
2984 1757
2985 1762
2985 1799
2986 1767
2986 1799
2987 1772
2987 1799
2988 1320
2988 1636
2989 1342
2989 2988
2990 1882
2990 658
2991 1883
2991 656
2992 1887
2992 658
2993 656
2993 1888
