772 440
17 314
18 319
19 299
20 300
21 327
22 126
23 307
24 315
25 127
26 316
27 288
28 96
29 308
30 298
31 89
32 123
33 113
34 282
35 121
36 313
37 322
38 128
39 334
40 328
41 129
42 333
43 330
44 361
45 324
46 3
47 4
48 1
49 2
50 9
51 10
52 16
53 15
54 14
55 13
56 12
57 22
58 21
59 20
60 19
61 18
62 17
63 7
64 5
65 216
66 329
67 337
68 230
69 339
70 234
71 340
72 236
73 349
74 245
75 246
76 249
77 251
78 252
79 352
80 353
81 354
82 356
83 357
84 359
85 256
86 362
87 363
88 364
89 259
90 259
91 260
92 262
93 264
94 267
95 268
96 87
97 368
98 370
99 373
100 376
101 377
102 273
103 384
104 277
105 278
106 389
107 281
108 392
109 395
110 401
111 402
112 405
113 411
114 290
115 295
116 296
117 297
118 418
119 422
120 309
121 425
122 312
123 426
124 430
125 320
126 435
127 438
128 439
129 440
130 15
130 16
131 48
131 49
132 53
132 52
133 332
133 335
134 232
134 216
135 232
135 215
136 4
136 344
137 61
137 239
138 10
138 347
139 248
139 340
140 354
140 339
141 354
141 336
142 225
142 363
143 77
143 231
144 78
144 336
145 16
145 366
146 52
146 366
147 17
147 367
148 216
148 367
149 8
149 90
150 16
150 90
151 64
151 90
152 218
152 91
153 215
153 271
154 57
154 369
155 218
155 92
156 216
156 272
157 54
157 371
158 14
158 93
159 48
159 377
160 61
160 378
161 64
161 378
162 64
162 95
163 60
163 382
164 63
164 384
165 21
165 384
166 56
166 393
167 9
167 396
168 401
168 238
169 58
169 104
170 18
170 106
171 218
171 302
172 416
172 83
173 16
173 417
174 420
174 253
175 246
175 420
176 343
176 422
177 50
177 305
178 10
178 423
179 3
179 16
180 5
180 14
181 49
181 52
182 54
182 329
183 16
183 222
184 13
184 227
185 59
185 230
186 16
186 235
187 46
187 240
188 63
188 67
189 59
189 242
190 48
190 243
191 22
191 250
192 53
192 259
193 220
193 261
194 263
194 223
195 54
195 87
196 21
196 269
197 380
197 258
198 381
198 244
199 64
199 273
200 97
200 222
201 276
201 229
202 57
202 101
203 64
203 390
204 4
204 394
205 2
205 398
206 16
206 408
207 12
207 108
208 56
208 289
209 75
209 292
210 293
210 226
211 310
211 224
212 341
212 310
213 217
213 424
214 119
214 223
215 3
215 4
216 1
216 2
217 4
217 9
218 12
218 13
219 21
219 22
220 46
220 4
221 46
221 47
222 3
222 47
223 48
223 2
224 50
224 52
225 54
225 53
226 16
226 218
227 56
227 14
228 48
228 56
229 4
229 56
230 58
230 57
231 6
231 60
232 61
232 54
233 61
233 58
234 62
234 61
235 221
235 215
236 9
236 222
237 16
237 331
238 181
238 179
239 180
239 182
240 47
240 336
241 54
241 336
242 230
242 219
243 49
243 339
244 336
244 340
245 59
245 340
246 183
246 237
247 184
247 61
248 243
248 240
249 62
249 345
249 348
250 14
250 348
251 20
251 57
251 70
252 19
252 70
253 186
253 237
254 185
254 188
255 189
255 241
256 190
256 187
257 61
257 351
258 17
258 351
259 18
259 57
259 352
260 52
260 352
261 22
261 247
261 352
262 16
262 353
263 21
263 247
263 353
264 61
264 66
264 74
265 61
265 74
266 59
266 358
267 255
267 356
268 19
268 362
269 59
269 78
270 254
270 78
271 260
271 244
272 262
272 258
273 59
273 366
274 267
274 268
275 369
275 346
276 52
276 373
277 1
277 374
277 346
278 21
278 375
279 365
279 376
279 68
280 46
280 376
281 59
281 16
281 379
282 273
282 259
283 195
283 249
284 196
284 259
285 197
285 193
286 194
286 198
287 199
287 279
288 103
288 88
289 55
289 392
290 2
290 395
291 51
291 395
292 56
292 402
293 343
293 402
294 49
294 104
295 403
295 399
296 201
296 202
297 406
297 387
298 192
298 407
299 409
299 268
299 266
300 383
300 410
300 388
300 86
301 203
301 270
302 200
302 108
303 191
303 204
304 205
304 73
305 294
305 291
306 112
306 111
307 385
307 414
308 391
308 415
309 206
309 88
310 10
310 114
311 209
311 266
312 210
312 112
313 421
313 400
313 116
314 397
314 115
314 117
315 103
315 120
315 386
316 98
316 419
316 427
317 212
317 278
318 213
318 118
319 429
319 428
320 431
320 412
321 214
321 112
322 432
322 413
322 433
322 270
323 434
323 122
324 211
324 124
325 279
325 124
326 208
326 124
327 103
327 125
327 436
328 207
328 437
329 12
329 13
330 11
330 13
331 48
331 2
332 14
332 52
333 11
333 55
334 11
334 329
335 1
335 56
336 21
336 57
337 20
337 219
338 20
338 58
339 58
339 22
340 62
340 19
341 50
341 221
342 51
342 331
343 65
343 131
344 132
344 130
345 22
345 66
345 215
346 18
346 66
347 227
347 224
348 19
348 20
348 233
349 230
349 234
350 19
350 345
351 19
351 69
352 21
352 245
353 22
353 245
354 59
354 71
355 242
355 232
355 71
356 18
356 71
357 236
357 136
358 21
358 350
358 234
359 20
359 137
360 133
360 138
361 60
361 20
361 73
362 58
362 251
363 21
363 251
363 231
364 22
364 338
364 252
365 49
365 360
366 62
366 14
366 257
367 59
367 257
368 22
368 232
368 260
369 54
369 79
370 222
370 261
371 262
371 228
372 2
372 48
372 263
373 14
373 80
374 54
374 80
375 57
375 264
376 13
376 265
377 3
377 265
378 242
378 81
379 241
379 82
380 84
380 134
381 84
381 135
382 216
382 86
383 76
383 143
384 57
384 269
385 90
385 140
386 90
386 141
387 90
387 142
388 372
388 370
389 378
389 139
390 94
390 149
391 147
391 150
392 97
392 220
393 235
393 97
394 369
394 152
395 22
395 275
396 342
396 275
396 222
397 378
397 154
398 374
398 155
399 355
399 156
400 384
400 157
401 13
401 99
402 99
402 233
403 153
403 158
404 85
404 100
404 227
405 280
405 219
405 228
406 375
406 159
407 355
407 160
408 102
408 379
409 144
409 164
410 165
410 161
411 384
411 284
411 274
412 105
412 148
413 404
413 405
414 107
414 145
415 107
415 146
416 342
416 109
417 72
417 290
418 217
418 291
419 76
419 167
420 56
420 110
420 233
421 349
421 168
422 52
422 292
423 72
423 294
424 114
424 169
425 384
425 304
425 303
426 404
426 306
426 283
427 405
427 171
428 151
428 172
429 170
429 173
430 344
430 118
431 175
431 162
432 176
432 166
433 396
433 177
434 372
434 178
435 311
435 286
435 317
436 318
436 285
437 321
437 301
438 323
438 163
439 325
439 174
440 287
440 326
